99.8261
99.8349
99.8421
100.662
99.8328
99.8521
99.839
99.8311
100.64
99.828
99.844
99.8399
99.8321
100.629
99.8411
99.8309
99.839
100.234
99.8218
99.8263
100.654
99.8511
99.8409
99.8321
99.838
100.649
99.8342
99.833
99.8449
99.8421
100.636
99.833
99.8368
99.8411
99.8421
100.625
99.8442
99.8368
99.8542
99.8259
100.644
99.8478
99.8352
99.8371
99.833
100.639
99.8411
99.8228
99.8421
99.8402
100.658
99.8371
99.848
99.8559
99.8251
100.641
99.8459
99.8478
99.8342
99.8368
100.637
99.843
99.8371
99.8392
99.8499
100.654
99.843
99.839
99.8321
99.8459
100.636
99.8416
99.8421
99.838
99.8182
100.638
99.8402
99.8337
99.8473
99.8359
100.626
99.829
99.8502
99.8461
99.843
100.644
99.843
99.834
99.853
99.8499
100.642
99.8411
99.8378
99.8552
99.8311
100.647
99.8268
99.8461
99.8261
99.8247
100.637
99.849
99.829
99.8611
99.839
100.631
99.859
99.843
99.849
99.8359
100.632
99.8361
99.843
99.822
99.833
100.636
99.839
99.8399
99.8371
99.8509
100.635
99.8271
99.838
99.844
99.8359
100.64
99.8399
99.838
99.8483
99.849
100.63
99.8459
99.843
99.8349
99.8321
100.638
99.8421
99.8449
99.8549
99.8211
100.634
99.8471
99.8302
99.8349
100.23
99.8309
99.8311
100.643
99.8461
99.858
99.8409
99.8528
100.25
99.8311
99.844
100.642
99.8473
99.8399
99.829
99.834
100.638
99.8361
99.8521
99.8449
99.8361
100.637
99.8337
99.8311
99.8261
100.231
99.8459
99.8461
100.624
99.8402
99.828
99.8361
99.8368
100.632
99.8459
99.8421
99.8378
99.839
100.629
99.8399
99.8452
99.8421
99.8321
100.633
99.86
99.8421
99.8321
99.8337
100.629
99.833
99.8271
99.8321
100.238
99.8359
99.8571
100.644
99.8368
99.8321
99.8271
99.8321
100.622
99.8421
99.844
99.834
99.834
100.64
99.8399
99.8492
99.8359
99.8349
100.623
99.8409
99.8471
99.854
99.8459
100.649
99.8392
99.8359
99.839
99.8518
100.644
99.8418
99.8392
99.8199
99.8361
100.636
99.8461
99.8378
99.8349
99.8473
100.636
99.829
99.8371
99.8352
100.229
99.8483
99.8328
100.635
99.8302
99.8318
99.8278
99.8504
100.649
99.8528
99.8421
99.8311
99.8359
100.632
99.8411
99.8452
99.8228
99.8299
100.631
99.8299
99.8359
99.8373
99.849
100.636
99.833
99.8461
99.8261
100.229
99.8321
99.8411
100.646
99.843
99.8433
99.8528
99.823
100.648
99.8273
99.8399
99.848
99.829
100.637
99.8421
99.854
99.8297
99.8311
100.631
99.8151
99.8428
99.8232
99.849
100.641
99.8368
99.839
99.8311
100.229
99.843
99.843
100.25
99.8359
99.8442
100.665
99.8271
99.8309
99.8399
99.839
100.637
99.8261
99.829
99.8449
100.249
99.8361
99.849
100.246
99.828
100.232
99.848
99.848
100.251
99.8509
99.8333
100.631
99.8309
99.8371
99.8299
100.239
99.8399
99.8261
100.635
99.8299
99.8368
99.8452
99.86
100.645
99.8302
99.8399
99.8383
99.8368
100.645
99.8418
99.838
99.8402
99.8418
100.632
99.8559
99.8361
99.8399
99.839
100.65
99.8321
99.8268
99.8421
99.8361
100.648
99.838
99.8428
99.8452
99.839
100.642
99.8421
99.8437
99.839
99.8311
100.633
99.8511
99.8437
99.8511
99.8452
100.238
99.8507
99.8399
100.63
99.8473
99.8368
99.8411
99.8499
100.64
99.824
99.8261
99.829
100.234
99.8449
99.8383
100.64
99.8378
99.8421
99.8471
99.8349
100.642
99.8471
99.8328
99.8464
99.8459
100.641
99.8368
99.8561
99.843
99.8249
100.636
99.839
99.8471
99.8201
99.8328
100.636
99.8237
99.853
99.8411
99.833
100.632
99.8609
99.8373
99.8316
99.8402
100.649
99.8521
99.833
99.8342
99.8249
100.649
99.8271
99.8421
99.8461
99.8428
100.636
99.8449
99.8473
99.8487
99.8318
100.644
99.8359
99.8433
99.8361
99.8399
100.64
99.8309
99.8309
99.8311
99.849
100.637
99.8399
99.8271
99.8249
100.242
99.843
99.8342
100.639
99.853
99.848
99.829
99.8409
100.252
99.8292
100.235
99.8509
99.8311
100.625
99.8321
99.8352
99.8371
99.8378
100.641
99.8261
99.8321
99.8459
99.8282
100.633
99.8352
99.8301
99.8588
99.8311
100.64
99.8328
99.829
99.843
99.8573
100.645
99.8259
99.8373
99.8318
100.247
99.839
99.8251
100.643
99.8399
99.8359
99.8371
99.8259
100.661
99.844
99.8411
99.8311
99.8299
100.64
99.849
99.8468
99.8509
99.8302
100.637
99.8383
99.8528
99.848
99.8471
100.243
99.843
99.838
100.638
99.8452
99.833
99.8468
99.8333
100.633
99.8461
99.8459
99.8254
99.8547
100.633
99.849
99.839
99.844
99.8411
100.637
99.8328
99.8411
99.8361
99.8349
100.65
99.8311
99.8461
99.8349
99.8399
100.629
99.839
99.8251
99.8318
100.244
99.8309
99.8452
100.636
99.8561
99.8337
99.838
99.8571
100.645
99.822
99.8333
99.8328
99.8361
100.647
99.8311
99.843
99.8311
99.8528
100.627
99.8502
99.8349
99.843
99.8421
100.627
99.8378
99.8321
99.8349
99.8421
100.638
99.849
99.8311
99.839
99.843
100.63
99.848
99.843
99.829
100.23
99.8471
99.8399
100.239
99.8487
99.8402
100.643
99.838
99.8399
99.8363
99.8359
100.637
99.8471
99.8459
99.8271
100.233
99.8428
99.8421
100.629
99.8299
99.8359
99.8461
99.8421
100.649
99.8518
99.8311
99.8309
99.8242
100.632
99.839
99.8437
99.8542
99.8468
100.644
99.8321
99.8359
99.8311
99.844
100.643
99.8471
99.848
99.828
99.8468
100.644
99.848
99.844
99.824
99.844
100.644
99.8349
99.833
99.838
99.854
100.621
99.858
99.8349
99.848
99.8449
100.636
99.8352
99.8521
99.8559
99.854
100.229
99.8411
99.8342
100.621
99.8318
99.853
99.853
99.8468
100.651
99.828
99.8452
99.8378
99.859
100.625
99.8268
99.843
99.8271
99.834
100.64
99.844
99.833
99.8359
100.236
99.8309
99.834
100.637
99.8311
99.8459
99.844
99.8459
100.642
99.838
99.848
99.8452
99.8378
100.639
99.8352
99.8268
99.8271
99.849
100.65
99.843
99.8271
99.854
99.8433
100.642
99.8361
99.8411
99.8538
99.8361
100.631
99.8418
99.8273
99.8409
99.844
100.651
99.8509
99.8302
99.8321
99.8368
100.636
99.8392
99.849
99.8237
99.8402
100.636
99.8402
99.8547
99.828
99.838
100.634
99.849
99.824
99.838
99.8449
100.656
99.8421
99.8428
99.8383
99.8411
100.641
99.834
99.8302
99.843
99.8318
100.639
99.8449
99.843
99.8371
99.8569
100.634
99.843
99.849
99.8499
99.8471
100.251
99.849
99.8552
100.654
99.86
99.8409
99.8473
99.8299
100.645
99.8342
99.8399
99.8359
99.8459
100.639
99.849
99.8337
99.849
99.8411
100.642
99.838
99.848
99.848
99.829
100.249
99.853
99.8573
100.652
99.8328
99.8342
99.8409
99.8311
100.646
99.8557
99.8452
99.838
99.8311
100.65
99.8402
99.8321
99.8409
99.8411
100.637
99.844
99.823
99.8168
99.8583
100.634
99.849
99.844
99.849
99.8442
100.656
99.834
99.8459
99.839
99.8352
100.65
99.8349
99.8251
99.8459
99.828
100.639
99.8321
99.8333
99.8399
99.8368
100.629
99.8421
99.8249
99.849
99.838
100.633
99.8452
99.8411
99.8459
99.8368
100.635
99.828
99.8321
99.8569
99.8511
100.647
99.8399
99.8297
99.8433
99.8559
100.637
99.8442
99.8299
99.8261
99.8409
100.648
99.8311
99.8421
99.8368
99.8359
100.646
99.8328
99.8399
99.8433
99.8449
100.63
99.8359
99.8349
99.829
100.222
99.8521
99.8399
100.648
99.8399
99.8402
99.8337
99.8342
100.642
99.8399
99.8502
99.839
99.8368
100.623
99.8268
99.8571
99.848
99.8499
100.633
99.8342
99.8478
99.8311
99.8421
100.639
99.8249
99.8452
99.8499
99.834
100.647
99.843
99.8349
99.829
99.838
100.631
99.834
99.8418
99.8411
99.8383
100.647
99.848
99.848
99.833
99.8399
100.629
99.844
99.8209
99.8483
99.8521
100.632
99.8411
99.8418
99.8342
99.8499
100.628
99.8299
99.8399
99.839
100.232
99.8399
99.8631
100.242
99.8311
99.8421
100.637
99.8363
99.8368
99.8569
99.8499
100.641
99.8442
99.8299
99.838
99.849
100.644
99.8299
99.8502
99.8459
99.813
100.652
99.8459
99.8459
99.8364
99.8259
100.631
99.8399
99.843
99.8459
99.8371
100.628
99.818
99.8259
99.8323
100.229
99.8352
99.8328
100.632
99.8464
99.8347
99.8502
99.8409
100.646
99.843
99.8609
99.8321
99.8359
100.628
99.833
99.838
99.823
99.8328
100.642
99.844
99.829
99.8311
100.228
99.8421
99.8261
100.623
99.848
99.833
99.8311
99.838
100.638
99.8421
99.8578
99.8399
99.8502
100.638
99.8547
99.8511
99.849
99.8299
100.645
99.838
99.839
99.848
99.839
100.639
99.849
99.8428
99.8402
99.8261
100.618
99.8402
99.8399
99.829
99.8328
100.631
99.8299
99.8342
99.8359
100.228
99.8368
99.829
100.649
99.8452
99.833
99.838
99.8318
100.627
99.8368
99.8499
99.8542
99.839
100.635
99.8461
99.8411
99.8368
99.838
100.643
99.8411
99.8411
99.8306
99.829
100.63
99.843
99.8471
99.834
99.8242
100.646
99.8468
99.8371
99.8411
99.8309
100.641
99.8251
99.8428
99.834
99.859
100.64
99.838
99.844
99.843
99.833
100.662
99.8399
99.8461
99.844
99.8309
100.642
99.8268
99.8261
99.8511
99.8399
100.629
99.8428
99.849
99.829
99.8321
100.634
99.838
99.8299
99.843
100.232
99.8437
99.8373
100.64
99.8459
99.8573
99.8347
99.8471
100.236
99.8361
99.839
100.634
99.8421
99.8499
99.8364
99.8368
100.645
99.8399
99.8483
99.848
99.8447
100.648
99.8249
99.8309
99.838
99.843
100.637
99.843
99.8302
99.8359
100.227
99.8337
99.8211
100.625
99.8588
99.8499
99.8442
99.849
100.638
99.829
99.8271
99.8468
99.853
100.627
99.8502
99.848
99.8549
99.848
100.241
99.8452
99.8318
100.646
99.8459
99.8411
99.8509
99.828
100.646
99.8409
99.854
99.8321
99.833
100.635
99.828
99.833
99.8321
100.228
99.8411
99.8251
100.644
99.8399
99.8361
99.844
99.849
100.63
99.843
99.839
99.8461
99.8459
100.638
99.8232
99.8259
99.834
99.838
100.647
99.8411
99.824
99.834
99.839
100.645
99.8299
99.823
99.8421
99.8468
100.636
99.843
99.8578
99.838
99.8359
100.653
99.8309
99.8452
99.829
99.848
100.635
99.853
99.8421
99.8411
99.8459
100.641
99.8361
99.844
99.839
99.824
100.641
99.8402
99.8259
99.8342
99.8487
100.642
99.8399
99.8251
99.8299
100.249
99.8418
99.8373
100.639
99.8361
99.8368
99.8321
99.8411
100.636
99.8461
99.8311
99.838
99.839
100.632
99.8402
99.8468
99.834
99.833
100.629
99.8332
99.8259
99.8478
99.8342
100.636
99.824
99.8321
99.8502
100.232
99.829
99.823
100.631
99.8521
99.8461
99.8449
99.8442
100.635
99.844
99.8411
99.829
99.849
100.63
99.8199
99.849
99.838
99.833
100.651
99.839
99.843
99.838
99.8302
100.644
99.8383
99.8218
99.8342
100.235
99.843
99.8471
100.626
99.8342
99.8321
99.824
99.8409
100.634
99.849
99.8499
99.824
99.839
100.643
99.853
99.8399
99.839
99.8311
100.634
99.833
99.8452
99.8468
99.8449
100.63
99.833
99.8442
99.8299
99.8428
100.642
99.8371
99.828
99.834
99.839
100.64
99.8302
99.8209
99.8361
100.236
99.8421
99.839
100.644
99.8318
99.8352
99.8468
99.843
100.624
99.8461
99.849
99.8311
99.848
100.634
99.839
99.8478
99.8402
99.8209
100.638
99.8309
99.8471
99.8349
99.8292
100.642
99.8552
99.833
99.8328
100.215
99.8421
99.818
100.64
99.8499
99.8461
99.8371
99.818
100.651
99.843
99.8468
99.843
99.8349
100.642
99.8309
99.8271
99.8409
99.8311
100.643
99.8337
99.8471
99.833
99.838
100.645
99.8399
99.834
99.8409
99.8352
100.629
99.8437
99.8342
99.8311
100.242
99.8478
99.8452
100.244
99.829
99.839
100.643
99.843
99.8337
99.8359
99.8504
100.65
99.8418
99.833
99.8452
99.8318
100.635
99.8409
99.8449
99.8521
99.8421
100.641
99.8447
99.8473
99.839
99.8321
100.635
99.843
99.8271
99.8452
99.8499
100.646
99.8511
99.8237
99.8352
99.8342
100.638
99.8349
99.828
99.8409
100.227
99.8459
99.8442
100.25
99.848
99.8437
100.634
99.839
99.8271
99.8321
100.241
99.8349
99.8261
100.637
99.8459
99.8321
99.849
99.8309
100.628
99.8399
99.843
99.844
99.8461
100.654
99.8521
99.8411
99.843
99.8249
100.636
99.8528
99.853
99.8449
99.8292
100.258
99.833
99.833
100.633
99.8449
99.8321
99.8421
100.237
99.8399
99.843
100.633
99.8328
99.8461
99.8349
99.8342
100.628
99.853
99.8521
99.8428
99.8473
100.632
99.8411
99.843
99.8452
99.8509
100.239
99.8442
99.839
100.632
99.839
99.834
99.8383
99.8538
100.63
99.839
99.8452
99.8557
99.8311
100.643
99.8368
99.8342
99.8437
99.8402
100.642
99.8359
99.8373
99.8378
100.223
99.8311
99.8459
100.633
99.8333
99.8249
99.824
99.824
100.63
99.8368
99.8232
99.839
100.24
99.8552
99.8359
100.636
99.8437
99.8421
99.8311
99.838
100.629
99.8609
99.8502
99.8421
99.8309
100.641
99.8342
99.8318
99.844
99.8521
100.632
99.8361
99.829
99.8337
99.8311
100.631
99.8251
99.8409
99.8292
100.236
99.8511
99.8471
100.241
99.8461
99.8499
100.643
99.844
99.8421
99.8402
99.8318
100.638
99.8337
99.8342
99.8259
100.234
99.8368
99.8292
100.64
99.8509
99.8352
99.8421
99.8368
100.627
99.8261
99.8318
99.8433
99.8409
100.64
99.822
99.824
99.8421
99.8499
100.638
99.8411
99.8359
99.8361
99.8411
100.636
99.8399
99.8642
99.8347
99.8483
100.634
99.838
99.8251
99.8399
99.8318
100.639
99.8399
99.8418
99.8631
99.828
100.641
99.8361
99.838
99.8468
99.8321
100.622
99.8168
99.824
99.828
100.619
99.8483
99.8302
99.8437
99.8361
100.636
99.844
99.849
99.8411
99.8337
100.25
99.8499
99.843
100.649
99.848
99.8399
99.8421
99.8449
100.631
99.8359
99.8383
99.8368
99.8402
100.64
99.8459
99.8199
99.8452
99.824
100.64
99.8552
99.8311
99.8378
99.8433
100.644
99.8621
99.8473
99.8478
99.8459
100.639
99.8209
99.848
99.8411
99.8449
100.64
99.8499
99.8459
99.853
99.8271
100.644
99.838
99.8309
99.839
99.8333
100.629
99.839
99.8433
99.8316
99.8383
100.646
99.8378
99.8261
99.8251
99.8518
100.639
99.8468
99.8333
99.8299
100.226
99.8459
99.8359
100.247
99.8499
99.8473
100.631
99.8392
99.8349
99.8468
99.8311
100.63
99.839
99.843
99.8299
99.859
100.644
99.8421
99.838
99.8249
100.239
99.838
99.844
100.627
99.849
99.8449
99.8452
99.8399
100.632
99.8402
99.8318
99.8361
99.8468
100.633
99.8311
99.8418
99.8549
99.8368
100.652
99.8719
99.829
99.8483
99.8468
100.242
99.8411
99.8521
100.628
99.8468
99.8394
99.8399
99.8306
100.636
99.848
99.8518
99.8421
99.8471
100.632
99.834
99.848
99.8528
99.8363
100.641
99.8509
99.8399
99.8471
99.8399
100.254
99.839
99.8399
100.643
99.8399
99.8459
99.833
99.8442
100.634
99.8399
99.8142
99.8359
100.234
99.8321
99.838
100.645
99.8359
99.8342
99.8459
99.833
100.645
99.8132
99.8318
99.828
100.226
99.8461
99.8459
100.243
99.8349
100.239
99.829
99.8416
100.635
99.8299
99.8359
99.828
99.8442
100.645
99.8509
99.8321
99.8311
99.8311
100.643
99.839
99.8368
99.8368
99.8452
100.648
99.849
99.8361
99.839
99.8302
100.636
99.8511
99.839
99.8509
99.8459
100.643
99.844
99.8411
99.8271
99.854
100.625
99.8361
99.833
99.8249
99.8271
100.635
99.8468
99.8399
99.8433
99.844
100.643
99.8447
99.8452
99.8399
99.8511
100.621
99.822
99.839
99.8411
99.8468
100.649
99.8378
99.8449
99.8511
99.854
100.644
99.8399
99.8399
99.844
99.828
100.646
99.833
99.8349
99.8371
99.829
100.633
99.8359
99.8399
99.8473
99.8306
100.648
99.8359
99.848
99.8352
99.8468
100.634
99.8371
99.8399
99.8349
99.8411
100.645
99.8218
99.8371
99.833
99.8571
100.64
99.8337
99.8342
99.844
100.237
99.8282
99.8359
100.631
99.848
99.8237
99.8483
99.8299
100.633
99.854
99.8452
99.8611
99.8328
100.631
99.8399
99.8433
99.8518
99.8402
100.632
99.8273
99.8418
99.8309
99.838
100.623
99.853
99.8399
99.839
99.8442
100.634
99.8409
99.828
99.8352
99.8399
100.627
99.8471
99.8309
99.8433
99.8337
100.635
99.8478
99.8371
99.8399
99.849
100.644
99.8378
99.849
99.8421
99.8399
100.639
99.8273
99.839
99.8459
99.834
100.634
99.8242
99.8349
99.8461
100.248
99.8361
99.8478
100.253
99.8299
99.8411
100.626
99.8352
99.8449
99.8392
100.237
99.8421
99.839
100.652
99.8342
99.8478
99.8302
99.8309
100.649
99.8337
99.8383
99.8309
99.848
100.633
99.8499
99.8421
99.843
99.8411
100.249
99.8483
100.229
99.844
99.8302
100.638
99.8249
99.8521
99.8242
99.8359
100.642
99.8311
99.8211
99.8509
99.828
100.63
99.8359
99.848
99.8378
99.8402
100.644
99.8402
99.834
99.8361
99.8359
100.636
99.8411
99.824
99.8309
100.236
99.8447
99.8483
100.642
99.8383
99.8399
99.833
99.8399
100.663
99.8364
99.8299
99.8309
99.823
100.639
99.8399
99.838
99.8399
99.844
100.633
99.8411
99.829
99.8421
99.844
100.644
99.8402
99.8406
99.8392
99.8218
100.643
99.8337
99.8452
99.843
99.8471
100.648
99.854
99.8399
99.8371
99.8199
100.638
99.834
99.8411
99.8421
99.8349
100.625
99.8521
99.838
99.8199
99.8509
100.638
99.8509
99.8371
99.8347
99.8521
100.642
99.8449
99.8349
99.8371
99.8409
100.639
99.8399
99.8483
99.8428
99.8461
100.64
99.8378
99.8333
99.8378
99.8218
100.643
99.838
99.8471
99.8511
99.8409
100.633
99.8321
99.844
99.843
99.844
100.642
99.8402
99.829
99.8468
99.8411
100.653
99.834
99.8299
99.843
99.8349
100.625
99.838
99.8409
99.833
100.247
99.8452
99.8468
100.243
99.844
99.8399
100.645
99.8411
99.8418
99.8471
99.828
100.647
99.8311
99.8418
99.839
99.8402
100.648
99.8321
99.843
99.848
99.8518
100.639
99.8499
99.8411
99.8199
99.8349
100.638
99.8333
99.8588
99.8552
99.8411
100.636
99.8421
99.8359
99.8621
99.8242
100.642
99.8318
99.833
99.838
99.849
100.634
99.8342
99.8337
99.8399
99.8333
100.626
99.8332
99.8368
99.8511
99.8347
100.639
99.8273
99.8309
99.838
100.228
99.8411
99.8321
100.64
99.849
99.8421
99.8402
99.843
100.637
99.8459
99.8371
99.838
99.8449
100.65
99.8402
99.8487
99.8502
99.8278
100.254
99.8201
100.249
99.8447
99.8161
100.63
99.8662
99.839
99.8549
99.8418
100.234
99.8361
100.228
99.8352
99.829
100.624
99.8461
99.8421
99.8459
99.8461
100.632
99.8461
99.8349
99.8461
99.828
100.63
99.8511
99.8499
99.844
99.8499
100.646
99.834
99.8261
99.8459
99.8352
100.651
99.8349
99.834
99.8502
99.8347
100.634
99.834
99.854
99.8232
99.8328
100.635
99.8349
99.839
99.8271
99.8361
100.637
99.8352
99.828
99.8547
100.231
99.848
99.844
100.238
99.849
99.8461
100.633
99.8452
99.833
99.828
100.23
99.8363
99.8318
100.636
99.834
99.8521
99.8418
99.8392
100.628
99.8509
99.8371
99.8549
99.8402
100.649
99.8311
99.833
99.8538
99.853
100.233
99.8421
99.8368
100.625
99.8259
99.843
99.8399
100.259
99.8299
99.8368
100.632
99.8418
99.839
99.8371
99.8511
100.634
99.8399
99.8571
99.8371
99.833
100.638
99.823
99.838
99.8371
99.8349
100.639
99.843
99.8302
99.829
99.8499
100.637
99.8409
99.8342
99.8399
99.8449
100.642
99.8302
99.822
99.833
100.234
99.8411
99.8418
100.624
99.8459
99.8471
99.8328
99.8292
100.629
99.833
99.8421
99.8449
99.8399
100.627
99.8471
99.839
99.8378
99.8371
100.638
99.849
99.8368
99.8271
99.854
100.633
99.8521
99.8249
99.833
99.8371
100.639
99.8342
99.8249
99.8368
100.247
99.8569
99.8471
100.243
99.8249
99.844
100.643
99.8337
99.8521
99.838
99.8309
100.644
99.8349
99.8411
99.823
100.252
99.838
99.8342
100.641
99.8437
99.8483
99.8359
99.829
100.643
99.8309
99.838
99.8421
99.8428
100.645
99.8342
99.848
99.8378
99.8402
100.251
99.8542
99.8409
100.637
99.8361
99.8359
99.8292
99.8461
100.635
99.8468
99.8411
99.843
99.8442
100.64
99.8349
99.854
99.8261
99.8352
100.622
99.838
99.8499
99.843
100.237
99.8368
99.848
100.64
99.8371
99.8371
99.8158
99.8321
100.621
99.839
99.8411
99.834
99.838
100.634
99.839
99.8363
99.8206
100.232
99.8509
99.8368
100.641
99.8278
99.8361
99.8309
99.8471
100.639
99.8297
99.8433
99.8461
99.8349
100.643
99.8321
99.8411
99.8547
99.839
100.63
99.8471
99.8392
99.8328
99.838
100.626
99.8459
99.8521
99.8421
99.853
100.643
99.844
99.8421
99.8249
99.8251
100.632
99.858
99.8311
99.8459
99.8399
100.637
99.838
99.8321
99.8352
99.8499
100.643
99.8292
99.8492
99.8528
99.8399
100.643
99.8392
99.8278
99.8302
99.833
100.648
99.829
99.8473
99.8547
99.8371
100.646
99.844
99.8361
99.843
99.8259
100.644
99.8309
99.828
99.8361
100.219
99.8363
99.8428
100.65
99.8402
99.8492
99.8368
99.839
100.62
99.8311
99.8359
99.8359
99.8399
100.64
99.8232
99.8368
99.8471
99.838
100.644
99.8418
99.8499
99.8521
99.849
100.644
99.8468
99.86
99.8321
99.8352
100.248
99.848
99.834
100.657
99.8447
99.8332
99.8409
99.8449
100.632
99.838
99.853
99.8352
99.8299
100.646
99.8259
99.8371
99.823
100.241
99.8352
99.849
100.631
99.8299
99.839
99.8449
99.8292
100.643
99.839
99.839
99.8421
99.8361
100.63
99.8299
99.8459
99.838
99.8368
100.649
99.8406
99.8461
99.8261
99.8321
100.634
99.8349
99.8449
99.8409
99.8352
100.635
99.8361
99.8459
99.839
99.8433
100.646
99.8583
99.8259
99.8409
99.8249
100.642
99.8409
99.8461
99.8249
99.8349
100.636
99.8428
99.8373
99.8459
99.844
100.645
99.8311
99.848
99.8418
99.8421
100.644
99.8471
99.8468
99.8321
99.8368
100.635
99.854
99.839
99.8299
99.8511
100.632
99.8364
99.8428
99.843
99.8399
100.64
99.8368
99.8421
99.8442
99.8509
100.633
99.8507
99.8592
99.8428
99.8433
100.645
99.8528
99.8299
99.8411
99.8251
100.643
99.8411
99.839
99.8411
99.853
100.639
99.8421
99.8421
99.849
99.8368
100.243
99.8471
99.828
100.635
99.8302
99.858
99.8371
100.233
99.8342
99.8368
100.64
99.823
99.844
